Size 	 Num with this size:
2	1263
1	122
3	41
4	15
6	5
5	5
634	2
36	2
12	2
10	2
8	2
7	2
3092	1
2693	1
1729	1
1332	1
1327	1
963	1
909	1
864	1
845	1
803	1
752	1
678	1
552	1
538	1
491	1
486	1
485	1
470	1
436	1
414	1
381	1
372	1
368	1
336	1
292	1
251	1
242	1
234	1
225	1
223	1
208	1
174	1
170	1
162	1
140	1
103	1
94	1
93	1
82	1
73	1
70	1
68	1
43	1
39	1
33	1
32	1
30	1
25	1
19	1
14	1
13	1
11	1
9	1

Number of clusters: 1516
Number of nodes: 28788
Number of clusters smaller than 5: 4
Number of clusters larger than 100: 37
