Size 	 Num with this size:
2	1757
1	211
3	48
4	25
5	7
6	5
12	4
11	3
8	3
416	2
342	2
161	2
117	2
39	2
30	2
28	2
13	2
10	2
9	2
962	1
918	1
833	1
779	1
722	1
625	1
623	1
607	1
578	1
542	1
539	1
523	1
489	1
482	1
396	1
387	1
362	1
361	1
347	1
335	1
313	1
304	1
295	1
275	1
274	1
250	1
249	1
225	1
195	1
189	1
187	1
181	1
178	1
177	1
176	1
166	1
135	1
124	1
116	1
88	1
86	1
84	1
69	1
62	1
59	1
53	1
50	1
44	1
43	1
32	1
26	1
25	1
19	1
7	1

Number of clusters: 2137
Number of nodes: 22635
Number of clusters smaller than 5: 4
Number of clusters larger than 100: 43
