Size 	 Num with this size:
2	1377
3	154
4	41
5	22
6	6
8	4
14	3
347	2
307	2
207	2
188	2
132	2
55	2
26	2
11	2
7	2
3975	1
1226	1
1142	1
699	1
657	1
650	1
628	1
626	1
571	1
537	1
387	1
371	1
363	1
348	1
323	1
321	1
286	1
264	1
255	1
243	1
242	1
225	1
213	1
186	1
175	1
156	1
148	1
145	1
143	1
125	1
116	1
109	1
100	1
98	1
90	1
88	1
82	1
77	1
76	1
66	1
60	1
59	1
54	1
48	1
47	1
41	1
39	1
32	1
23	1
15	1
12	1
10	1

Number of clusters: 1677
Number of nodes: 23132
Number of clusters smaller than 5: 3
Number of clusters larger than 100: 37
