Size 	 Num with this size:
2	456
3	110
4	31
5	19
7	7
6	6
56	4
44	4
22	4
8	4
87	3
85	3
78	3
40	3
37	3
36	3
34	3
21	3
12	3
11	3
9	3
125	2
77	2
76	2
72	2
62	2
61	2
60	2
49	2
48	2
47	2
42	2
41	2
39	2
30	2
28	2
23	2
20	2
16	2
144	1
121	1
120	1
112	1
109	1
108	1
104	1
99	1
98	1
89	1
81	1
79	1
73	1
71	1
67	1
66	1
65	1
64	1
63	1
59	1
58	1
57	1
55	1
53	1
50	1
46	1
43	1
33	1
27	1
26	1
25	1
24	1
19	1
18	1
15	1
14	1
13	1

Number of clusters: 751
Number of nodes: 7616
Number of clusters smaller than 5: 3
Number of clusters larger than 100: 8
