Size 	 Num with this size:
2	1386
3	161
4	42
5	19
90	5
61	5
14	5
111	4
85	4
76	4
48	4
44	4
33	4
32	4
19	4
12	4
6	4
128	3
126	3
96	3
84	3
83	3
72	3
70	3
67	3
59	3
56	3
51	3
45	3
35	3
24	3
8	3
7	3
185	2
177	2
156	2
141	2
134	2
114	2
108	2
103	2
99	2
97	2
95	2
89	2
88	2
81	2
80	2
79	2
77	2
73	2
71	2
68	2
66	2
65	2
60	2
55	2
53	2
52	2
47	2
46	2
43	2
39	2
38	2
36	2
28	2
26	2
23	2
22	2
21	2
17	2
315	1
288	1
250	1
231	1
207	1
196	1
194	1
192	1
191	1
187	1
181	1
170	1
168	1
167	1
161	1
160	1
155	1
154	1
152	1
149	1
148	1
146	1
145	1
143	1
142	1
139	1
135	1
133	1
131	1
127	1
121	1
120	1
119	1
117	1
116	1
115	1
113	1
110	1
109	1
106	1
105	1
100	1
98	1
93	1
92	1
91	1
87	1
86	1
82	1
75	1
74	1
69	1
64	1
58	1
57	1
54	1
50	1
49	1
42	1
41	1
40	1
37	1
34	1
30	1
29	1
27	1
25	1
20	1
18	1
15	1
13	1
11	1
10	1
9	1

Number of clusters: 1861
Number of nodes: 23132
Number of clusters smaller than 5: 3
Number of clusters larger than 100: 52
