Size 	 Num with this size:
2	339
3	61
4	15
5	8
9	6
7	6
88	4
52	4
42	4
89	3
66	3
50	3
45	3
40	3
38	3
33	3
123	2
94	2
78	2
68	2
57	2
56	2
51	2
47	2
44	2
36	2
29	2
28	2
26	2
22	2
18	2
15	2
13	2
12	2
10	2
8	2
686	1
403	1
279	1
275	1
221	1
178	1
145	1
130	1
128	1
119	1
117	1
116	1
114	1
112	1
98	1
93	1
81	1
74	1
72	1
69	1
65	1
64	1
63	1
62	1
61	1
60	1
59	1
54	1
49	1
46	1
43	1
39	1
35	1
34	1
27	1
25	1
23	1
21	1
20	1
19	1
16	1
11	1
6	1

Number of clusters: 551
Number of nodes: 8950
Number of clusters smaller than 5: 3
Number of clusters larger than 100: 15
