Size 	 Num with this size:
2	1149
3	100
4	22
5	11
55	6
17	6
85	5
61	5
24	4
136	3
111	3
93	3
92	3
80	3
74	3
67	3
58	3
54	3
53	3
46	3
43	3
32	3
26	3
18	3
11	3
10	3
6	3
231	2
221	2
179	2
158	2
149	2
128	2
124	2
122	2
117	2
109	2
108	2
106	2
98	2
89	2
82	2
81	2
75	2
66	2
65	2
60	2
57	2
52	2
41	2
40	2
38	2
37	2
28	2
27	2
22	2
21	2
20	2
19	2
8	2
7	2
2292	1
2071	1
751	1
637	1
583	1
535	1
500	1
346	1
317	1
304	1
296	1
292	1
273	1
268	1
267	1
265	1
264	1
262	1
226	1
206	1
201	1
200	1
192	1
188	1
186	1
178	1
171	1
167	1
165	1
159	1
156	1
148	1
144	1
143	1
142	1
139	1
130	1
129	1
125	1
121	1
115	1
113	1
104	1
103	1
101	1
99	1
96	1
95	1
91	1
88	1
86	1
84	1
83	1
73	1
72	1
69	1
59	1
56	1
51	1
49	1
47	1
42	1
39	1
36	1
35	1
34	1
30	1
29	1
23	1
14	1
13	1
12	1
9	1

Number of clusters: 1503
Number of nodes: 28788
Number of clusters smaller than 5: 3
Number of clusters larger than 100: 59
