Degree	Count
2	4344
3	3050
1	2609
4	2026
5	1710
6	1406
7	1122
8	906
9	856
10	767
11	660
12	565
14	538
13	494
15	489
17	432
16	422
18	376
19	335
20	324
22	302
21	277
23	275
26	263
24	242
25	221
27	213
29	211
30	203
28	203
33	179
32	164
31	162
34	161
47	158
35	152
37	145
36	145
38	137
44	131
41	127
39	127
42	123
40	123
45	106
43	106
49	105
48	97
46	93
53	91
69	85
50	83
51	82
80	72
54	72
57	69
56	68
52	68
61	67
65	63
77	62
59	61
55	61
64	60
66	58
58	58
60	55
68	54
62	53
75	48
70	48
63	47
73	41
82	40
74	40
72	40
79	38
71	37
67	35
138	32
111	32
87	32
78	32
101	30
86	30
76	30
88	29
96	27
160	26
83	26
112	25
100	25
94	25
92	25
81	25
619	24
89	24
105	23
84	23
102	22
99	22
93	22
107	21
95	21
123	20
113	20
104	20
617	18
116	18
109	18
98	18
91	18
85	18
126	17
97	17
90	17
173	16
142	16
135	16
120	16
114	16
103	16
149	15
621	14
211	14
145	14
125	14
121	14
106	14
162	13
146	13
141	13
136	13
128	13
124	13
122	13
118	13
117	13
108	13
171	12
163	12
153	12
144	12
132	12
115	12
110	12
187	11
152	11
140	11
139	11
133	11
130	11
127	11
194	10
168	10
167	10
148	10
143	10
620	9
433	9
208	9
178	9
154	9
151	9
200	8
189	8
181	8
179	8
155	8
137	8
131	8
616	7
249	7
248	7
227	7
217	7
188	7
172	7
169	7
166	7
161	7
129	7
119	7
627	6
427	6
400	6
280	6
225	6
195	6
191	6
177	6
174	6
170	6
159	6
158	6
157	6
156	6
147	6
625	5
406	5
260	5
252	5
224	5
221	5
216	5
215	5
209	5
205	5
203	5
198	5
196	5
182	5
180	5
175	5
134	5
631	4
623	4
608	4
402	4
346	4
289	4
265	4
246	4
234	4
230	4
222	4
220	4
214	4
207	4
204	4
202	4
192	4
186	4
176	4
165	4
632	3
629	3
624	3
538	3
460	3
450	3
437	3
428	3
421	3
413	3
310	3
297	3
292	3
288	3
281	3
266	3
262	3
261	3
259	3
254	3
253	3
251	3
240	3
232	3
223	3
218	3
213	3
212	3
210	3
199	3
190	3
185	3
184	3
183	3
164	3
641	2
638	2
636	2
635	2
633	2
628	2
622	2
618	2
614	2
591	2
474	2
447	2
444	2
441	2
438	2
436	2
429	2
426	2
415	2
403	2
398	2
365	2
364	2
362	2
357	2
351	2
339	2
338	2
335	2
328	2
326	2
325	2
317	2
308	2
306	2
302	2
298	2
290	2
287	2
284	2
279	2
278	2
276	2
272	2
267	2
256	2
250	2
245	2
244	2
242	2
239	2
233	2
231	2
229	2
219	2
206	2
193	2
150	2
981	1
861	1
842	1
838	1
824	1
821	1
791	1
789	1
785	1
772	1
759	1
674	1
655	1
652	1
648	1
644	1
643	1
630	1
626	1
613	1
611	1
610	1
603	1
598	1
597	1
590	1
578	1
574	1
568	1
556	1
553	1
542	1
539	1
531	1
527	1
518	1
515	1
513	1
512	1
507	1
496	1
492	1
489	1
487	1
483	1
479	1
478	1
472	1
468	1
466	1
465	1
459	1
449	1
446	1
445	1
443	1
442	1
439	1
435	1
430	1
423	1
422	1
420	1
418	1
410	1
401	1
392	1
390	1
387	1
385	1
383	1
381	1
379	1
378	1
377	1
368	1
366	1
363	1
360	1
353	1
349	1
347	1
345	1
342	1
341	1
340	1
337	1
336	1
334	1
333	1
331	1
330	1
327	1
324	1
323	1
321	1
318	1
316	1
315	1
314	1
311	1
309	1
304	1
300	1
299	1
296	1
295	1
293	1
282	1
275	1
274	1
271	1
258	1
255	1
243	1
241	1
238	1
237	1
235	1
228	1
226	1
201	1
