Size 	 Num with this size:
2	1161
1	222
3	93
4	65
5	50
6	29
7	21
9	15
11	12
12	11
10	11
8	11
14	7
13	6
23	5
28	4
16	4
47	3
33	3
21	3
20	3
19	3
18	3
17	3
15	3
42	2
37	2
30	2
25	2
22	2
11261	1
6499	1
6201	1
3819	1
2503	1
961	1
716	1
606	1
592	1
507	1
337	1
318	1
297	1
270	1
260	1
258	1
247	1
228	1
175	1
143	1
130	1
109	1
106	1
94	1
82	1
80	1
79	1
75	1
69	1
68	1
66	1
62	1
61	1
59	1
55	1
54	1
53	1
51	1
49	1
46	1
44	1
41	1
40	1
39	1
29	1
26	1
24	1

Number of clusters: 1808
Number of nodes: 43489
Number of clusters smaller than 5: 4
Number of clusters larger than 100: 23
