Size 	 Num with this size:
2	974
3	154
4	45
5	22
6	15
7	6
10	5
8	4
14	3
119	2
9	2
3896	1
3215	1
3133	1
2999	1
2935	1
2435	1
2429	1
2306	1
2036	1
2027	1
1288	1
1019	1
977	1
898	1
861	1
774	1
703	1
631	1
571	1
564	1
519	1
510	1
366	1
345	1
335	1
334	1
250	1
228	1
219	1
196	1
158	1
132	1
123	1
113	1
110	1
107	1
94	1
67	1
66	1
57	1
50	1
42	1
41	1
28	1
21	1
18	1
15	1
13	1
12	1
11	1

Number of clusters: 1282
Number of nodes: 43489
Number of clusters smaller than 5: 3
Number of clusters larger than 100: 37
