Degree	Count
1	17349
2	4060
3	1939
4	1118
5	730
6	574
7	419
8	318
9	243
10	220
11	193
12	144
13	135
14	122
15	102
16	89
17	82
18	70
19	67
20	56
21	45
23	41
22	40
25	38
24	34
28	31
27	28
26	24
30	22
31	20
33	20
37	20
34	16
32	15
29	14
35	12
36	12
41	12
39	11
40	11
49	10
38	9
42	9
43	9
47	9
51	8
54	8
44	7
45	7
46	6
48	6
50	6
53	6
63	6
72	6
77	6
83	6
55	5
56	5
57	5
59	5
60	5
68	5
52	4
78	4
86	4
62	3
66	3
69	3
71	3
73	3
74	3
75	3
84	3
87	3
90	3
117	3
136	3
159	3
61	2
64	2
67	2
80	2
81	2
89	2
91	2
95	2
98	2
103	2
105	2
110	2
112	2
113	2
128	2
140	2
151	2
285	2
82	1
85	1
92	1
93	1
96	1
97	1
101	1
102	1
108	1
109	1
111	1
115	1
116	1
118	1
122	1
125	1
126	1
127	1
643	1
647	1
141	1
145	1
147	1
148	1
150	1
153	1
154	1
156	1
157	1
162	1
165	1
167	1
169	1
174	1
700	1
188	1
190	1
208	1
212	1
213	1
214	1
219	1
227	1
744	1
240	1
245	1
256	1
261	1
268	1
1296	1
785	1
131	1
1317	1
299	1
313	1
1347	1
330	1
335	1
361	1
368	1
374	1
1465	1
451	1
462	1
982	1
479	1
528	1
